5018104003, 5018104004, 5018104002, 5018104001, 4687600901, 1005763542, 5244904001, 4694701404, 
4694701401, 4685504001, 4693204001, 5225304001, 5171504003, 5171504004, 5171504002, 5171504001, 
4688039701, 5228704001, 1069409707, 1069397857, 5544201403, 5544201404, 5544201402, 5544201401, 
5293504003, 5293504004, 5293504002, 5293504001, 5, 55800001761508E+022, , 5947801401, 5947804001, 
7900164356834, 7900164357251, 7909829294252, 0RE2035AF/T2P, 1000355040033, 7909391555133, 
7909748004161, 7909844643400, 7908458631001, 7899602887095, 7909885924933, 7900134514097, 
7900134514905, 7900134514912, 7900134514929, 7900134514936, 7900134514943, 7909876690564, 
7909536044447, 7900010998690, 7909965708354, 7909909573918, 7898491465032, 7900061047132, 
R0001827505, 7909944456085, 7909844960354, 7909844960453, 1MPGOA1XH9, 7900134654007, 7900134654014, 
7900134654021, 7900134654038, 7900134654045, 7900134654052


(11) 99510-1981